{
 "cells": [
  {
   "cell_type": "code",
   "execution_count": 1,
   "metadata": {
    "collapsed": false,
    "deletable": true,
    "editable": true
   },
   "outputs": [],
   "source": [
    "%load_ext autoreload\n",
    "%autoreload 2\n",
    "\n",
    "import sys, os\n",
    "sys.path.insert(0, '..')\n",
    "from lib import models, graph, coarsening, utils\n",
    "import tensorflow as tf\n",
    "import numpy as np\n",
    "import time\n",
    "import scipy.sparse\n",
    "from scipy.io import *\n",
    "%matplotlib inline\n"
   ]
  },
  {
   "cell_type": "code",
   "execution_count": 2,
   "metadata": {
    "collapsed": false,
    "deletable": true,
    "editable": true
   },
   "outputs": [],
   "source": [
    "flags = tf.app.flags\n",
    "FLAGS = flags.FLAGS\n",
    "\n",
    "# Graphs.\n",
    "flags.DEFINE_integer('number_edges', 8, 'Graph: minimum number of edges per vertex.')\n",
    "flags.DEFINE_string('metric', 'euclidean', 'Graph: similarity measure (between features).')\n",
    "# TODO: change cgcnn for combinatorial Laplacians.\n",
    "flags.DEFINE_bool('normalized_laplacian', True, 'Graph Laplacian: normalized.')\n",
    "flags.DEFINE_integer('coarsening_levels', 4, 'Number of coarsened graphs.')\n",
    "\n",
    "# Directories.\n",
    "flags.DEFINE_string('dir_data', os.path.join('..', 'data', 'mnist'), 'Directory to store data.')"
   ]
  },
  {
   "cell_type": "markdown",
   "metadata": {
    "deletable": true,
    "editable": true
   },
   "source": [
    "# Load Data"
   ]
  },
  {
   "cell_type": "code",
   "execution_count": 3,
   "metadata": {
    "collapsed": false,
    "deletable": true,
    "editable": true
   },
   "outputs": [
    {
     "name": "stdout",
     "output_type": "stream",
     "text": [
      "File already exists\n",
      " No Preprocessing Required\n"
     ]
    }
   ],
   "source": [
    "# Number of Nearest Neighbors\n",
    "k = 100\n",
    "\n",
    "base_storage_dir = '/home/halwai/coursework/honors/Datasets/PASCAL_VOC/GCN/preprocessing/experiment3/'\n",
    "temp_filename = base_storage_dir + 'scikit_fc7_k_' + str(k) + '.mat'\n",
    "\n",
    "if os.path.exists(temp_filename):\n",
    "    print('File already exists\\n No Preprocessing Required')\n",
    "else:\n",
    "    print('Do preprocessing --> TODO --> call the fucntion with a specific parameter')\n",
    "    \n",
    "data = scipy.io.loadmat( temp_filename)\n",
    "\n",
    "X_train          = data['X_train']\n",
    "X_test           = data['X_test']\n",
    "train_labels     = data['Y_train']\n",
    "test_labels      = data['Y_test']\n",
    "Adjacency_test   = data['Adjacency_test']\n",
    "Adjacency_train  = data['Adjacency_train']\n",
    "\n",
    "#delete unused variables\n",
    "del data"
   ]
  },
  {
   "cell_type": "code",
   "execution_count": 5,
   "metadata": {
    "collapsed": false,
    "deletable": true,
    "editable": true
   },
   "outputs": [
    {
     "name": "stdout",
     "output_type": "stream",
     "text": [
      "0\n",
      "1000\n",
      "2000\n",
      "3000\n",
      "4000\n",
      "5000\n",
      "0\n",
      "1000\n",
      "2000\n",
      "3000\n",
      "4000\n"
     ]
    }
   ],
   "source": [
    "#define laplacians, coarsen adjacency, permutate data points.\n",
    "train_laplacians = [[] for i in range(FLAGS.coarsening_levels)]\n",
    "test_laplacians = [[] for i in range(FLAGS.coarsening_levels)]\n",
    "\n",
    "train_perm ,test_perm = [] ,[]\n",
    "\n",
    "for i in range(X_train.shape[0]):\n",
    "    if not(i%1000):\n",
    "        print(i)\n",
    "    graphs, temp_perm = coarsening.coarsen(Adjacency_train[0][i], levels=FLAGS.coarsening_levels, self_connections=True)\n",
    "    train_perm.append(temp_perm)\n",
    "    temp_L = [graph.laplacian(A, normalized=True) for A in graphs]\n",
    "    temp_L = [graph.rescale_L(A) for A in temp_L]\n",
    "    #graph.plot_spectrum(L)\n",
    "    temp_L = [A.toarray() for A in temp_L]\n",
    "    for j in range(FLAGS.coarsening_levels):\n",
    "        train_laplacians[j].append(temp_L[j])     \n",
    "\n",
    "for i in range(X_test.shape[0]):\n",
    "    if not(i%1000):\n",
    "        print(i)\n",
    "    graphs, temp_perm = coarsening.coarsen(Adjacency_test[0][i], levels=FLAGS.coarsening_levels, self_connections=True)\n",
    "    test_perm.append(temp_perm)\n",
    "    temp_L = [graph.laplacian(A, normalized=True) for A in graphs]\n",
    "    temp_L = [graph.rescale_L(A) for A in temp_L]\n",
    "    #graph.plot_spectrum(L)\n",
    "    temp_L = [A.toarray() for A in temp_L]\n",
    "    for j in range(FLAGS.coarsening_levels):\n",
    "        test_laplacians[j].append(temp_L[j])     \n",
    "\n",
    "#del Adjacency_test, Adjacency_train"
   ]
  },
  {
   "cell_type": "code",
   "execution_count": 6,
   "metadata": {
    "collapsed": false
   },
   "outputs": [
    {
     "name": "stdout",
     "output_type": "stream",
     "text": [
      "<class 'list'>\n",
      "4\n",
      "4952\n",
      "(112, 112)\n",
      "4952\n",
      "(56, 56)\n",
      "4952\n",
      "(28, 28)\n",
      "4952\n",
      "(14, 14)\n"
     ]
    }
   ],
   "source": [
    "print(type(test_laplacians))\n",
    "print(len(test_laplacians))\n",
    "for i in range(4):\n",
    "    print(len(test_laplacians[i]))\n",
    "    print(test_laplacians[i][0].shape)"
   ]
  },
  {
   "cell_type": "code",
   "execution_count": 7,
   "metadata": {
    "collapsed": false,
    "deletable": true,
    "editable": true
   },
   "outputs": [
    {
     "name": "stdout",
     "output_type": "stream",
     "text": [
      "112 <class 'list'>\n",
      "0\n",
      "1000\n",
      "2000\n",
      "3000\n",
      "4000\n",
      "5000\n",
      "0\n",
      "1000\n",
      "2000\n",
      "3000\n",
      "4000\n"
     ]
    }
   ],
   "source": [
    "print(len(train_perm[0]),type(train_perm))\n",
    "train_data = np.zeros((X_train.shape[0], len(train_perm[0]), X_train.shape[2]))\n",
    "test_data = np.zeros((X_test.shape[0], len(test_perm[0]), X_test.shape[2]))\n",
    "for i in range(train_data.shape[0]):\n",
    "    if not(i%1000):\n",
    "        print(i)\n",
    "    train_data[i,:,:] = coarsening.perm_data_point(X_train[i,:,:], train_perm[i])\n",
    "\n",
    "for i in range(test_data.shape[0]):\n",
    "    if not(i%1000):\n",
    "        print(i)\n",
    "    test_data[i,:,:] = coarsening.perm_data_point(X_test[i,:,:], test_perm[i])\n",
    "\n",
    "val_data = test_data.copy()\n",
    "val_laplacians = test_laplacians.copy()\n",
    "val_labels = test_labels.copy()\n",
    "\n",
    "#del X_train, Y_train, X_test, Y_test \n",
    "#del perm_train, perm_test"
   ]
  },
  {
   "cell_type": "code",
   "execution_count": 8,
   "metadata": {
    "collapsed": false,
    "deletable": true,
    "editable": true
   },
   "outputs": [
    {
     "name": "stdout",
     "output_type": "stream",
     "text": [
      "4\n",
      "[ array([[-0.01008181, -0.01001553, -0.01000646, ...,  0.        ,\n",
      "         0.        ,  0.        ],\n",
      "       [-0.01001553, -0.01008055, -0.01000037, ...,  0.        ,\n",
      "         0.        ,  0.        ],\n",
      "       [-0.01000646, -0.01000037, -0.01008912, ...,  0.        ,\n",
      "         0.        ,  0.        ],\n",
      "       ..., \n",
      "       [ 0.        ,  0.        ,  0.        , ...,  0.        ,\n",
      "         0.        ,  0.        ],\n",
      "       [ 0.        ,  0.        ,  0.        , ...,  0.        ,\n",
      "         0.        ,  0.        ],\n",
      "       [ 0.        ,  0.        ,  0.        , ...,  0.        ,\n",
      "         0.        ,  0.        ]])\n",
      " array([[-0.02009671, -0.02001936, -0.02000967, ...,  0.        ,\n",
      "         0.        ,  0.        ],\n",
      "       [-0.02001936, -0.02009376, -0.01999353, ...,  0.        ,\n",
      "         0.        ,  0.        ],\n",
      "       [-0.02000967, -0.01999353, -0.02009773, ...,  0.        ,\n",
      "         0.        ,  0.        ],\n",
      "       ..., \n",
      "       [ 0.        ,  0.        ,  0.        , ...,  0.        ,\n",
      "         0.        ,  0.        ],\n",
      "       [ 0.        ,  0.        ,  0.        , ...,  0.        ,\n",
      "         0.        ,  0.        ],\n",
      "       [ 0.        ,  0.        ,  0.        , ...,  0.        ,\n",
      "         0.        ,  0.        ]])\n",
      " array([[-0.04011459, -0.0400109 , -0.04001369,  0.        , -0.03996935,\n",
      "        -0.03999752, -0.04000631, -0.04001474, -0.03997703, -0.03998723,\n",
      "        -0.04001739, -0.04001552, -0.03998921, -0.04000835, -0.0400023 ,\n",
      "        -0.04000769, -0.03997795, -0.03999223, -0.03999978, -0.04000124,\n",
      "        -0.03997447, -0.04000434, -0.04001677, -0.0399884 , -0.03998279,\n",
      "        -0.03999266,  0.        ,  0.        ],\n",
      "       [-0.0400109 , -0.04010686, -0.04000981,  0.        , -0.03997254,\n",
      "        -0.03998752, -0.03998238, -0.03999404, -0.03998201, -0.03998919,\n",
      "        -0.04000536, -0.04000939, -0.03999007, -0.04000175, -0.0400069 ,\n",
      "        -0.0400115 , -0.03999941, -0.04000496, -0.04000584, -0.04001383,\n",
      "        -0.03996816, -0.03999906, -0.04001094, -0.03999471, -0.03998673,\n",
      "        -0.03999526,  0.        ,  0.        ],\n",
      "       [-0.04001369, -0.04000981, -0.04010318,  0.        , -0.03998088,\n",
      "        -0.0399986 , -0.04000188, -0.04001361, -0.03998662, -0.03999283,\n",
      "        -0.04000395, -0.04000664, -0.0399951 , -0.04000041, -0.0400001 ,\n",
      "        -0.04001253, -0.03998477, -0.04000662, -0.0400121 , -0.04000094,\n",
      "        -0.03996491, -0.04000575, -0.04001312, -0.03999356, -0.0400046 ,\n",
      "        -0.04000794,  0.        ,  0.        ],\n",
      "       [ 0.        ,  0.        ,  0.        ,  0.        ,  0.        ,\n",
      "         0.        ,  0.        ,  0.        ,  0.        ,  0.        ,\n",
      "         0.        ,  0.        ,  0.        ,  0.        ,  0.        ,\n",
      "         0.        ,  0.        ,  0.        ,  0.        ,  0.        ,\n",
      "         0.        ,  0.        ,  0.        ,  0.        ,  0.        ,\n",
      "         0.        ,  0.        ,  0.        ],\n",
      "       [-0.03996935, -0.03997254, -0.03998088,  0.        , -0.04009567,\n",
      "        -0.04001298, -0.03999838, -0.03999097, -0.03998767, -0.03996503,\n",
      "        -0.03996867, -0.03997285, -0.03997598, -0.03998645, -0.03997568,\n",
      "        -0.03998355, -0.03998935, -0.03999776, -0.03996325, -0.03997515,\n",
      "        -0.03999643, -0.03997532, -0.03997956, -0.03999372, -0.03998404,\n",
      "        -0.0399865 ,  0.        ,  0.        ],\n",
      "       [-0.03999752, -0.03998752, -0.0399986 ,  0.        , -0.04001298,\n",
      "        -0.04010828, -0.03999876, -0.04001413, -0.03999522, -0.0399876 ,\n",
      "        -0.04000005, -0.04000321, -0.03996871, -0.03999095, -0.03998284,\n",
      "        -0.04000532, -0.03998552, -0.04000971, -0.03998447, -0.03999565,\n",
      "        -0.04000001, -0.04000255, -0.04000407, -0.04000859, -0.03999141,\n",
      "        -0.04000753,  0.        ,  0.        ],\n",
      "       [-0.04000631, -0.03998238, -0.04000188,  0.        , -0.03999838,\n",
      "        -0.03999876, -0.04010592, -0.04001063, -0.04000438, -0.03999069,\n",
      "        -0.03999332, -0.03998948, -0.03998911, -0.04000479, -0.04000042,\n",
      "        -0.03999518, -0.03998822, -0.04000638, -0.03999192, -0.03999473,\n",
      "        -0.04001286, -0.03999901, -0.03999114, -0.03999458, -0.04000542,\n",
      "        -0.03999714,  0.        ,  0.        ],\n",
      "       [-0.04001474, -0.03999404, -0.04001361,  0.        , -0.03999097,\n",
      "        -0.04001413, -0.04001063, -0.04010756, -0.03998548, -0.0399914 ,\n",
      "        -0.0400006 , -0.04000777, -0.03998883, -0.03999205, -0.03999974,\n",
      "        -0.04001097, -0.03999285, -0.04001131, -0.04000244, -0.04000935,\n",
      "        -0.03999338, -0.0400145 , -0.03999877, -0.03999204, -0.03999583,\n",
      "        -0.04000591,  0.        ,  0.        ],\n",
      "       [-0.03997703, -0.03998201, -0.03998662,  0.        , -0.03998767,\n",
      "        -0.03999522, -0.04000438, -0.03998548, -0.04011119, -0.04000816,\n",
      "        -0.03998213, -0.04000332, -0.04000457, -0.03998551, -0.03998468,\n",
      "        -0.03999735, -0.03998579, -0.04000966, -0.0399804 , -0.03999684,\n",
      "        -0.03998869, -0.03998959, -0.03998116, -0.0400018 , -0.03997316,\n",
      "        -0.03999506,  0.        ,  0.        ],\n",
      "       [-0.03998723, -0.03998919, -0.03999283,  0.        , -0.03996503,\n",
      "        -0.0399876 , -0.03999069, -0.0399914 , -0.04000816, -0.0401027 ,\n",
      "        -0.04001303, -0.04000346, -0.03999091, -0.03999373, -0.03998707,\n",
      "        -0.03999741, -0.03997046, -0.03998674, -0.04000461, -0.04000313,\n",
      "        -0.03997278, -0.03999925, -0.03999546, -0.03999203, -0.03999154,\n",
      "        -0.04001542,  0.        ,  0.        ],\n",
      "       [-0.04001739, -0.04000536, -0.04000395,  0.        , -0.03996867,\n",
      "        -0.04000005, -0.03999332, -0.0400006 , -0.03998213, -0.04001303,\n",
      "        -0.0401156 , -0.04001302, -0.03997694, -0.04000131, -0.03999855,\n",
      "        -0.03999719, -0.03997342, -0.03998522, -0.04000145, -0.03999859,\n",
      "        -0.03997805, -0.04000244, -0.04002334, -0.04000267, -0.03999946,\n",
      "        -0.04000998,  0.        ,  0.        ],\n",
      "       [-0.04001552, -0.04000939, -0.04000664,  0.        , -0.03997285,\n",
      "        -0.04000321, -0.03998948, -0.04000777, -0.04000332, -0.04000346,\n",
      "        -0.04001302, -0.04010771, -0.04000223, -0.03999735, -0.03999509,\n",
      "        -0.04001601, -0.03998051, -0.03999808, -0.03998935, -0.04000488,\n",
      "        -0.03997541, -0.040008  , -0.04000719, -0.03999989, -0.03997774,\n",
      "        -0.04000123,  0.        ,  0.        ],\n",
      "       [-0.03998921, -0.03999007, -0.0399951 ,  0.        , -0.03997598,\n",
      "        -0.03996871, -0.03998911, -0.03998883, -0.04000457, -0.03999091,\n",
      "        -0.03997694, -0.04000223, -0.04011413, -0.04000457, -0.03999927,\n",
      "        -0.0400003 , -0.03998395, -0.03998646, -0.03997141, -0.03999308,\n",
      "        -0.03997168, -0.03998329, -0.03998536, -0.03998847, -0.03998297,\n",
      "        -0.03998175,  0.        ,  0.        ],\n",
      "       [-0.04000835, -0.04000175, -0.04000041,  0.        , -0.03998645,\n",
      "        -0.03999095, -0.04000479, -0.03999205, -0.03998551, -0.03999373,\n",
      "        -0.04000131, -0.03999735, -0.04000457, -0.04010218, -0.04000229,\n",
      "        -0.04000643, -0.03998592, -0.0400035 , -0.03999636, -0.0399934 ,\n",
      "        -0.03998632, -0.03998937, -0.0399977 , -0.03999519, -0.03999819,\n",
      "        -0.04000565,  0.        ,  0.        ],\n",
      "       [-0.0400023 , -0.0400069 , -0.0400001 ,  0.        , -0.03997568,\n",
      "        -0.03998284, -0.04000042, -0.03999974, -0.03998468, -0.03998707,\n",
      "        -0.03999855, -0.03999509, -0.03999927, -0.04000229, -0.04009777,\n",
      "        -0.04000796, -0.04000243, -0.04000456, -0.03999174, -0.04000353,\n",
      "        -0.03999339, -0.03999574, -0.04000027, -0.039996  , -0.03999159,\n",
      "        -0.03999115,  0.        ,  0.        ],\n",
      "       [-0.04000769, -0.0400115 , -0.04001253,  0.        , -0.03998355,\n",
      "        -0.04000532, -0.03999518, -0.04001097, -0.03999735, -0.03999741,\n",
      "        -0.03999719, -0.04001601, -0.0400003 , -0.04000643, -0.04000796,\n",
      "        -0.0400939 , -0.03999461, -0.04001264, -0.04000063, -0.0400138 ,\n",
      "        -0.03998332, -0.04000738, -0.04000615, -0.03999561, -0.03999879,\n",
      "        -0.04000428,  0.        ,  0.        ],\n",
      "       [-0.03997795, -0.03999941, -0.03998477,  0.        , -0.03998935,\n",
      "        -0.03998552, -0.03998822, -0.03999285, -0.03998579, -0.03997046,\n",
      "        -0.03997342, -0.03998051, -0.03998395, -0.03998592, -0.04000243,\n",
      "        -0.03999461, -0.04010676, -0.0400105 , -0.03997048, -0.0399889 ,\n",
      "        -0.03998698, -0.03996836, -0.0399745 , -0.03998384, -0.03997557,\n",
      "        -0.0399711 ,  0.        ,  0.        ],\n",
      "       [-0.03999223, -0.04000496, -0.04000662,  0.        , -0.03999776,\n",
      "        -0.04000971, -0.04000638, -0.04001131, -0.04000966, -0.03998674,\n",
      "        -0.03998522, -0.03999808, -0.03998646, -0.0400035 , -0.04000456,\n",
      "        -0.04001264, -0.0400105 , -0.0401097 , -0.03999312, -0.04001008,\n",
      "        -0.03999292, -0.03999208, -0.03998711, -0.04000435, -0.03999664,\n",
      "        -0.04000742,  0.        ,  0.        ],\n",
      "       [-0.03999978, -0.04000584, -0.0400121 ,  0.        , -0.03996325,\n",
      "        -0.03998447, -0.03999192, -0.04000244, -0.0399804 , -0.04000461,\n",
      "        -0.04000145, -0.03998935, -0.03997141, -0.03999636, -0.03999174,\n",
      "        -0.04000063, -0.03997048, -0.03999312, -0.04011187, -0.04001418,\n",
      "        -0.03996946, -0.04000817, -0.03999455, -0.03999466, -0.03999547,\n",
      "        -0.04000304,  0.        ,  0.        ],\n",
      "       [-0.04000124, -0.04001383, -0.04000094,  0.        , -0.03997515,\n",
      "        -0.03999565, -0.03999473, -0.04000935, -0.03999684, -0.04000313,\n",
      "        -0.03999859, -0.04000488, -0.03999308, -0.0399934 , -0.04000353,\n",
      "        -0.0400138 , -0.0399889 , -0.04001008, -0.04001418, -0.0401044 ,\n",
      "        -0.03998538, -0.04001409, -0.03999563, -0.04000328, -0.03998667,\n",
      "        -0.04000166,  0.        ,  0.        ],\n",
      "       [-0.03997447, -0.03996816, -0.03996491,  0.        , -0.03999643,\n",
      "        -0.04000001, -0.04001286, -0.03999338, -0.03998869, -0.03997278,\n",
      "        -0.03997805, -0.03997541, -0.03997168, -0.03998632, -0.03999339,\n",
      "        -0.03998332, -0.03998698, -0.03999292, -0.03996946, -0.03998538,\n",
      "        -0.04011928, -0.04001326, -0.03998048, -0.0399997 , -0.03999131,\n",
      "        -0.03998552,  0.        ,  0.        ],\n",
      "       [-0.04000434, -0.03999906, -0.04000575,  0.        , -0.03997532,\n",
      "        -0.04000255, -0.03999901, -0.0400145 , -0.03998959, -0.03999925,\n",
      "        -0.04000244, -0.040008  , -0.03998329, -0.03998937, -0.03999574,\n",
      "        -0.04000738, -0.03996836, -0.03999208, -0.04000817, -0.04001409,\n",
      "        -0.04001326, -0.04010626, -0.04001202, -0.04000306, -0.03999864,\n",
      "        -0.04000791,  0.        ,  0.        ],\n",
      "       [-0.04001677, -0.04001094, -0.04001312,  0.        , -0.03997956,\n",
      "        -0.04000407, -0.03999114, -0.03999877, -0.03998116, -0.03999546,\n",
      "        -0.04002334, -0.04000719, -0.03998536, -0.0399977 , -0.04000027,\n",
      "        -0.04000615, -0.0399745 , -0.03998711, -0.03999455, -0.03999563,\n",
      "        -0.03998048, -0.04001202, -0.04010354, -0.04001032, -0.03999698,\n",
      "        -0.04000767,  0.        ,  0.        ],\n",
      "       [-0.0399884 , -0.03999471, -0.03999356,  0.        , -0.03999372,\n",
      "        -0.04000859, -0.03999458, -0.03999204, -0.0400018 , -0.03999203,\n",
      "        -0.04000267, -0.03999989, -0.03998847, -0.03999519, -0.039996  ,\n",
      "        -0.03999561, -0.03998384, -0.04000435, -0.03999466, -0.04000328,\n",
      "        -0.0399997 , -0.04000306, -0.04001032, -0.04009711, -0.03999282,\n",
      "        -0.03999911,  0.        ,  0.        ],\n",
      "       [-0.03998279, -0.03998673, -0.0400046 ,  0.        , -0.03998404,\n",
      "        -0.03999141, -0.04000542, -0.03999583, -0.03997316, -0.03999154,\n",
      "        -0.03999946, -0.03997774, -0.03998297, -0.03999819, -0.03999159,\n",
      "        -0.03999879, -0.03997557, -0.03999664, -0.03999547, -0.03998667,\n",
      "        -0.03999131, -0.03999864, -0.03999698, -0.03999282, -0.0401001 ,\n",
      "        -0.04000585,  0.        ,  0.        ],\n",
      "       [-0.03999266, -0.03999526, -0.04000794,  0.        , -0.0399865 ,\n",
      "        -0.04000753, -0.03999714, -0.04000591, -0.03999506, -0.04001542,\n",
      "        -0.04000998, -0.04000123, -0.03998175, -0.04000565, -0.03999115,\n",
      "        -0.04000428, -0.0399711 , -0.04000742, -0.04000304, -0.04000166,\n",
      "        -0.03998552, -0.04000791, -0.04000767, -0.03999911, -0.04000585,\n",
      "        -0.04009788,  0.        ,  0.        ],\n",
      "       [ 0.        ,  0.        ,  0.        ,  0.        ,  0.        ,\n",
      "         0.        ,  0.        ,  0.        ,  0.        ,  0.        ,\n",
      "         0.        ,  0.        ,  0.        ,  0.        ,  0.        ,\n",
      "         0.        ,  0.        ,  0.        ,  0.        ,  0.        ,\n",
      "         0.        ,  0.        ,  0.        ,  0.        ,  0.        ,\n",
      "         0.        ,  0.        ,  0.        ],\n",
      "       [ 0.        ,  0.        ,  0.        ,  0.        ,  0.        ,\n",
      "         0.        ,  0.        ,  0.        ,  0.        ,  0.        ,\n",
      "         0.        ,  0.        ,  0.        ,  0.        ,  0.        ,\n",
      "         0.        ,  0.        ,  0.        ,  0.        ,  0.        ,\n",
      "         0.        ,  0.        ,  0.        ,  0.        ,  0.        ,\n",
      "         0.        ,  0.        ,  0.        ]])\n",
      " array([[-0.08012162, -0.05658516, -0.07996347, -0.07999873, -0.07996772,\n",
      "        -0.08002383, -0.07999469, -0.0800142 , -0.07998728, -0.08001034,\n",
      "        -0.07997302, -0.08000541, -0.07997872,  0.        ],\n",
      "       [-0.05658516, -0.04010318, -0.05655403, -0.0565795 , -0.05655401,\n",
      "        -0.05657603, -0.05656536, -0.05657748, -0.05656245, -0.05657776,\n",
      "        -0.0565478 , -0.05657326, -0.05657741,  0.        ],\n",
      "       [-0.07996347, -0.05655403, -0.08011496, -0.08000112, -0.07996776,\n",
      "        -0.0799724 , -0.07996105, -0.07997369, -0.07999117, -0.07995926,\n",
      "        -0.07998716, -0.07999297, -0.07998474,  0.        ],\n",
      "       [-0.07999873, -0.0565795 , -0.08000112, -0.08011737, -0.07998597,\n",
      "        -0.07999559, -0.07998739, -0.08000315, -0.07999938, -0.07999921,\n",
      "        -0.08000988, -0.07998826, -0.08000215,  0.        ],\n",
      "       [-0.07996772, -0.05655401, -0.07996776, -0.07998597, -0.08011511,\n",
      "        -0.08000097, -0.07998736, -0.07998326, -0.07997633, -0.07999249,\n",
      "        -0.07997516, -0.07998522, -0.0799876 ,  0.        ],\n",
      "       [-0.08002383, -0.05657603, -0.0799724 , -0.07999559, -0.08000097,\n",
      "        -0.08012468, -0.07998892, -0.08000342, -0.07996862, -0.07999713,\n",
      "        -0.07998195, -0.08001655, -0.07999421,  0.        ],\n",
      "       [-0.07999469, -0.05656536, -0.07996105, -0.07998739, -0.07998736,\n",
      "        -0.07998892, -0.08011273, -0.08000415, -0.07997992, -0.07997713,\n",
      "        -0.07996534, -0.07998336, -0.07998428,  0.        ],\n",
      "       [-0.0800142 , -0.05657748, -0.07997369, -0.08000315, -0.07998326,\n",
      "        -0.08000342, -0.08000415, -0.0801038 , -0.08000712, -0.08000485,\n",
      "        -0.07998991, -0.07999901, -0.07999291,  0.        ],\n",
      "       [-0.07998728, -0.05656245, -0.07999117, -0.07999938, -0.07997633,\n",
      "        -0.07996862, -0.07997992, -0.08000712, -0.08011873, -0.0799813 ,\n",
      "        -0.07997017, -0.0799749 , -0.07997537,  0.        ],\n",
      "       [-0.08001034, -0.05657776, -0.07995926, -0.07999921, -0.07999249,\n",
      "        -0.07999713, -0.07997713, -0.08000485, -0.0799813 , -0.08012231,\n",
      "        -0.07998855, -0.07999406, -0.07999342,  0.        ],\n",
      "       [-0.07997302, -0.0565478 , -0.07998716, -0.08000988, -0.07997516,\n",
      "        -0.07998195, -0.07996534, -0.07998991, -0.07997017, -0.07998855,\n",
      "        -0.08012603, -0.07999764, -0.0799917 ,  0.        ],\n",
      "       [-0.08000541, -0.05657326, -0.07999297, -0.07998826, -0.07998522,\n",
      "        -0.08001655, -0.07998336, -0.07999901, -0.0799749 , -0.07999406,\n",
      "        -0.07999764, -0.08011064, -0.0799983 ,  0.        ],\n",
      "       [-0.07997872, -0.05657741, -0.07998474, -0.08000215, -0.0799876 ,\n",
      "        -0.07999421, -0.07998428, -0.07999291, -0.07997537, -0.07999342,\n",
      "        -0.0799917 , -0.0799983 , -0.08010484,  0.        ],\n",
      "       [ 0.        ,  0.        ,  0.        ,  0.        ,  0.        ,\n",
      "         0.        ,  0.        ,  0.        ,  0.        ,  0.        ,\n",
      "         0.        ,  0.        ,  0.        ,  0.        ]])]\n",
      "(112, 112)\n",
      "(56, 56)\n",
      "(28, 28)\n",
      "(14, 14)\n"
     ]
    }
   ],
   "source": [
    "print(len(test_laplacians))\n",
    "#print(test_laplacians[0])\n",
    "L = []\n",
    "for i in range(FLAGS.coarsening_levels):\n",
    "    L.append(train_laplacians[i][0])\n",
    "L = np.array(L)\n",
    "print(L)\n",
    "for i in range(4):\n",
    "    print(L[i].shape)"
   ]
  },
  {
   "cell_type": "markdown",
   "metadata": {
    "deletable": true,
    "editable": true
   },
   "source": [
    "# GCN "
   ]
  },
  {
   "cell_type": "code",
   "execution_count": 34,
   "metadata": {
    "collapsed": false,
    "deletable": true,
    "editable": true
   },
   "outputs": [],
   "source": [
    "common = {}\n",
    "common['dir_name']       = 'cifar10/'\n",
    "common['num_epochs']     = 200\n",
    "common['batch_size']     = 100\n",
    "common['decay_steps']    = (train_data.shape[0] + val_data.shape[0]) / common['batch_size']\n",
    "common['eval_frequency'] = 10 * common['num_epochs']\n",
    "common['brelu']          = 'b1relu'\n",
    "common['pool']           = 'mpool1'\n",
    "C = train_labels.shape[1]  # number of classes\n",
    "model_perf = utils.model_perf()"
   ]
  },
  {
   "cell_type": "code",
   "execution_count": 39,
   "metadata": {
    "collapsed": false,
    "deletable": true,
    "editable": true
   },
   "outputs": [
    {
     "name": "stdout",
     "output_type": "stream",
     "text": [
      "NN architecture\n",
      "  input: M_0 = 112\n",
      "  layer 1: logits (softmax)\n",
      "    representation: M_1 = 20\n",
      "    weights: M_0 * M_1 = 112 * 20 = 2240\n",
      "    biases: M_1 = 20\n",
      "step 2000 / 10022 (epoch 39.91 / 200):\n",
      "  learning_rate = 7.17e-03, loss_average = 1.04e+00\n",
      "5604.0 / 7013 = 0.799087409097\n",
      "  validation precision: 0.57, recall : 0.74, f_measure: 0.65, mAP 0.93, MAP 0.88\n",
      "  time: 11s (wall 9s)\n",
      "step 4000 / 10022 (epoch 79.82 / 200):\n",
      "  learning_rate = 2.57e-03, loss_average = 9.61e-01\n",
      "5577.0 / 7013 = 0.795237416227\n",
      "  validation precision: 0.57, recall : 0.74, f_measure: 0.64, mAP 0.93, MAP 0.87\n",
      "  time: 22s (wall 18s)\n",
      "step 6000 / 10022 (epoch 119.74 / 200):\n",
      "  learning_rate = 9.21e-04, loss_average = 9.23e-01\n",
      "5566.0 / 7013 = 0.793668900613\n",
      "  validation precision: 0.57, recall : 0.74, f_measure: 0.64, mAP 0.93, MAP 0.87\n",
      "  time: 33s (wall 26s)\n",
      "step 8000 / 10022 (epoch 159.65 / 200):\n",
      "  learning_rate = 3.30e-04, loss_average = 9.10e-01\n",
      "5565.0 / 7013 = 0.793526308285\n",
      "  validation precision: 0.57, recall : 0.74, f_measure: 0.64, mAP 0.93, MAP 0.87\n",
      "  time: 44s (wall 35s)\n",
      "step 10000 / 10022 (epoch 199.56 / 200):\n",
      "  learning_rate = 1.18e-04, loss_average = 9.16e-01\n",
      "5566.0 / 7013 = 0.793668900613\n",
      "  validation precision: 0.57, recall : 0.74, f_measure: 0.64, mAP 0.93, MAP 0.87\n",
      "  time: 55s (wall 44s)\n",
      "step 10022 / 10022 (epoch 200.00 / 200):\n",
      "  learning_rate = 1.18e-04, loss_average = 9.21e-01\n",
      "5566.0 / 7013 = 0.793668900613\n",
      "  validation precision: 0.57, recall : 0.74, f_measure: 0.64, mAP 0.93, MAP 0.87\n",
      "  time: 56s (wall 45s)\n",
      "validation peaks: precision = 0.57, recall = 0.74, f_measure = 0.6460323617570273, mAP = [ 0.93164063], MAP = [ 0.87717005]\n",
      "mAPs is \n",
      " [array([[ 0.98755278],\n",
      "       [ 0.96467263],\n",
      "       [ 0.98557548],\n",
      "       [ 0.99008489],\n",
      "       [ 0.72715559],\n",
      "       [ 0.96380688],\n",
      "       [ 0.98679487],\n",
      "       [ 0.97439014],\n",
      "       [ 0.87751207],\n",
      "       [ 0.91021755],\n",
      "       [ 0.81256143],\n",
      "       [ 0.9836249 ],\n",
      "       [ 0.9820814 ],\n",
      "       [ 0.95638731],\n",
      "       [ 0.98583286],\n",
      "       [ 0.80258784],\n",
      "       [ 0.96114093],\n",
      "       [ 0.87406578],\n",
      "       [ 0.99488292],\n",
      "       [ 0.9118843 ]]), array([[ 0.98752461],\n",
      "       [ 0.9644007 ],\n",
      "       [ 0.98565984],\n",
      "       [ 0.9900094 ],\n",
      "       [ 0.72575939],\n",
      "       [ 0.96164672],\n",
      "       [ 0.98693836],\n",
      "       [ 0.97503277],\n",
      "       [ 0.88684103],\n",
      "       [ 0.91021683],\n",
      "       [ 0.79196213],\n",
      "       [ 0.98203376],\n",
      "       [ 0.98257007],\n",
      "       [ 0.95569913],\n",
      "       [ 0.98429586],\n",
      "       [ 0.80636395],\n",
      "       [ 0.96480136],\n",
      "       [ 0.874163  ],\n",
      "       [ 0.99485053],\n",
      "       [ 0.90945584]]), array([[ 0.98757805],\n",
      "       [ 0.9640875 ],\n",
      "       [ 0.985631  ],\n",
      "       [ 0.99099905],\n",
      "       [ 0.72364376],\n",
      "       [ 0.9618683 ],\n",
      "       [ 0.98555991],\n",
      "       [ 0.9750526 ],\n",
      "       [ 0.87707435],\n",
      "       [ 0.91040544],\n",
      "       [ 0.79791187],\n",
      "       [ 0.98156346],\n",
      "       [ 0.98209728],\n",
      "       [ 0.95532204],\n",
      "       [ 0.98447284],\n",
      "       [ 0.8061541 ],\n",
      "       [ 0.96493525],\n",
      "       [ 0.87477531],\n",
      "       [ 0.99485053],\n",
      "       [ 0.90469691]]), array([[ 0.98757805],\n",
      "       [ 0.96410494],\n",
      "       [ 0.98564459],\n",
      "       [ 0.99099905],\n",
      "       [ 0.7237333 ],\n",
      "       [ 0.96174954],\n",
      "       [ 0.98606281],\n",
      "       [ 0.97505287],\n",
      "       [ 0.87288409],\n",
      "       [ 0.91051184],\n",
      "       [ 0.7982202 ],\n",
      "       [ 0.9819438 ],\n",
      "       [ 0.98216156],\n",
      "       [ 0.95532204],\n",
      "       [ 0.9843104 ],\n",
      "       [ 0.80616885],\n",
      "       [ 0.96493525],\n",
      "       [ 0.87760582],\n",
      "       [ 0.99485053],\n",
      "       [ 0.90201476]]), array([[ 0.98757805],\n",
      "       [ 0.96413116],\n",
      "       [ 0.98565936],\n",
      "       [ 0.99099905],\n",
      "       [ 0.7238568 ],\n",
      "       [ 0.96170849],\n",
      "       [ 0.9858081 ],\n",
      "       [ 0.97505372],\n",
      "       [ 0.875982  ],\n",
      "       [ 0.91061683],\n",
      "       [ 0.79818057],\n",
      "       [ 0.98192819],\n",
      "       [ 0.98214275],\n",
      "       [ 0.95534917],\n",
      "       [ 0.98432157],\n",
      "       [ 0.80607987],\n",
      "       [ 0.96481537],\n",
      "       [ 0.87484776],\n",
      "       [ 0.99485053],\n",
      "       [ 0.90476721]]), array([[ 0.98757805],\n",
      "       [ 0.96413116],\n",
      "       [ 0.98565936],\n",
      "       [ 0.99099905],\n",
      "       [ 0.7238568 ],\n",
      "       [ 0.96170849],\n",
      "       [ 0.9858105 ],\n",
      "       [ 0.97505372],\n",
      "       [ 0.87597196],\n",
      "       [ 0.91061683],\n",
      "       [ 0.79818057],\n",
      "       [ 0.98192819],\n",
      "       [ 0.98216156],\n",
      "       [ 0.95534917],\n",
      "       [ 0.98432307],\n",
      "       [ 0.80607987],\n",
      "       [ 0.96481537],\n",
      "       [ 0.87481826],\n",
      "       [ 0.99485053],\n",
      "       [ 0.90476721]])]\n",
      "6964.0 / 7584 = 0.918248945148\n",
      "train precision: 0.72, recall : 0.90, f_measure: 0.80, mAP 0.97, MAP 0.98\n",
      "time: 0s (wall 0s)\n",
      "5566.0 / 7013 = 0.793668900613\n",
      "test  precision: 0.57, recall : 0.74, f_measure: 0.64, mAP 0.93, MAP 0.87\n",
      "time: 1s (wall 0s)\n"
     ]
    }
   ],
   "source": [
    "if True:\n",
    "    name = 'softmax'\n",
    "    params = common.copy()\n",
    "    params['dir_name'] += name\n",
    "    params['regularization'] = 5e-4\n",
    "    params['dropout']        = 1\n",
    "    params['learning_rate']  = 0.02\n",
    "    params['decay_rate']     = 0.95\n",
    "    params['momentum']       = 0.9\n",
    "    params['F']              = []\n",
    "    params['F_0']            = 20\n",
    "    params['K']              = []\n",
    "    params['p']              = []\n",
    "    params['M']              = [C] \n",
    "    params['train_laplacians'] = train_laplacians\n",
    "    params['test_laplacians'] = val_laplacians\n",
    "    params['val_laplacians'] = test_laplacians\n",
    "    model_perf.test(models.cgcnn(L, **params), name, params,\n",
    "                    train_data, train_labels, val_data, val_labels, test_data, test_labels)"
   ]
  },
  {
   "cell_type": "code",
   "execution_count": 38,
   "metadata": {
    "collapsed": false
   },
   "outputs": [
    {
     "name": "stdout",
     "output_type": "stream",
     "text": [
      "7584 7013\n"
     ]
    }
   ],
   "source": [
    "print(np.sum(train_labels),np.sum(test_labels))"
   ]
  },
  {
   "cell_type": "code",
   "execution_count": null,
   "metadata": {
    "collapsed": false,
    "deletable": true,
    "editable": true
   },
   "outputs": [],
   "source": [
    "# Common hyper-parameters for networks with one convolutional layer.\n",
    "common['regularization'] = 0\n",
    "common['dropout']        = 1\n",
    "common['learning_rate']  = 0.02\n",
    "common['decay_rate']     = 0.95\n",
    "common['momentum']       = 0.9\n",
    "common['F']              = [10]\n",
    "common['F_0']             = 20\n",
    "common['K']              = [100]\n",
    "common['p']              = [1]\n",
    "common['M']              = [C]\n",
    "common['train_laplacians'] = train_laplacians\n",
    "common['test_laplacians'] = val_laplacians\n",
    "common['val_laplacians'] = test_laplacians"
   ]
  },
  {
   "cell_type": "code",
   "execution_count": null,
   "metadata": {
    "collapsed": false,
    "deletable": true,
    "editable": true
   },
   "outputs": [],
   "source": [
    "# With 'chebyshev2' and 'b2relu', it corresponds to cgcnn2_2(L[0], F=10, K=20).\n",
    "if True:\n",
    "    name = 'cgconv_softmax'\n",
    "    params = common.copy()\n",
    "    params['dir_name'] += name\n",
    "    params['filter'] = 'chebyshev5'\n",
    "#    params['filter'] = 'chebyshev2'\n",
    "#    params['brelu'] = 'b2relu'\n",
    "    model_perf.test(models.cgcnn(train_laplacians[0], **params), name, params,\n",
    "                    train_data, train_labels, val_data, val_labels, test_data, test_labels)"
   ]
  },
  {
   "cell_type": "code",
   "execution_count": 48,
   "metadata": {
    "collapsed": true,
    "deletable": true,
    "editable": true
   },
   "outputs": [],
   "source": [
    "# Common hyper-parameters for LeNet5-like networks.\n",
    "common['regularization'] = 5e-4\n",
    "common['dropout']        = 0.5\n",
    "common['learning_rate']  = 0.02  # 0.03 in the paper but sgconv_sgconv_fc_softmax has difficulty to converge\n",
    "common['decay_rate']     = 0.95\n",
    "common['momentum']       = 0.9\n",
    "common['F']              = [32, 64]\n",
    "common['F_0']            = 20\n",
    "common['K']              = [25, 25]\n",
    "common['p']              = [2, 2]\n",
    "common['M']              = [512, C]\n",
    "common['train_laplacians'] = train_laplacians\n",
    "common['test_laplacians'] = val_laplacians\n",
    "common['val_laplacians'] = test_laplacians"
   ]
  },
  {
   "cell_type": "code",
   "execution_count": null,
   "metadata": {
    "collapsed": false,
    "deletable": true,
    "editable": true
   },
   "outputs": [
    {
     "name": "stdout",
     "output_type": "stream",
     "text": [
      "NN architecture\n",
      "  input: M_0 = 112\n",
      "  layer 1: cgconv1\n",
      "    representation: M_0 * F_1 / p_1 = 112 * 32 / 2 = 1792\n",
      "    weights: F_0 * F_1 * K_1 = 20 * 32 * 25 = 16000\n",
      "    biases: F_1 = 32\n",
      "  layer 2: cgconv2\n",
      "    representation: M_1 * F_2 / p_2 = 56 * 64 / 2 = 1792\n",
      "    weights: F_1 * F_2 * K_2 = 32 * 64 * 25 = 51200\n",
      "    biases: F_2 = 64\n",
      "  layer 3: fc1\n",
      "    representation: M_3 = 512\n",
      "    weights: M_2 * M_3 = 1792 * 512 = 917504\n",
      "    biases: M_3 = 512\n",
      "  layer 4: logits (softmax)\n",
      "    representation: M_4 = 20\n",
      "    weights: M_3 * M_4 = 512 * 20 = 10240\n",
      "    biases: M_4 = 20\n",
      "0 th conv layer 100 112 112\n",
      "1 th conv layer 100 56 56\n",
      "step 2000 / 10022 (epoch 39.91 / 200):\n",
      "  learning_rate = 7.17e-03, loss_average = 1.62e+00\n",
      "4982.0 / 7013 = 0.71039498075\n",
      "  validation precision: 0.46, recall : 0.64, f_measure: 0.54, mAP 0.87, MAP 0.80\n",
      "  time: 80s (wall 284s)\n",
      "step 4000 / 10022 (epoch 79.82 / 200):\n",
      "  learning_rate = 2.57e-03, loss_average = 1.46e+00\n",
      "4989.0 / 7013 = 0.71139312705\n",
      "  validation precision: 0.46, recall : 0.64, f_measure: 0.54, mAP 0.87, MAP 0.80\n",
      "  time: 184s (wall 575s)\n",
      "step 6000 / 10022 (epoch 119.74 / 200):\n",
      "  learning_rate = 9.21e-04, loss_average = 1.41e+00\n",
      "4989.0 / 7013 = 0.71139312705\n",
      "  validation precision: 0.46, recall : 0.64, f_measure: 0.54, mAP 0.87, MAP 0.80\n",
      "  time: 319s (wall 867s)\n"
     ]
    }
   ],
   "source": [
    "if True:\n",
    "    name = 'cgconv_cgconv_fc_softmax'  # 'Chebyshev'\n",
    "    params = common.copy()\n",
    "    params['dir_name'] += name\n",
    "    params['filter'] = 'chebyshev5'\n",
    "    model_perf.test(models.cgcnn(L, **params), name, params,\n",
    "                    train_data, train_labels, val_data, val_labels, test_data, test_labels)"
   ]
  },
  {
   "cell_type": "code",
   "execution_count": null,
   "metadata": {
    "collapsed": true
   },
   "outputs": [],
   "source": []
  }
 ],
 "metadata": {
  "kernelspec": {
   "display_name": "Python 3",
   "language": "python",
   "name": "python3"
  },
  "language_info": {
   "codemirror_mode": {
    "name": "ipython",
    "version": 3
   },
   "file_extension": ".py",
   "mimetype": "text/x-python",
   "name": "python",
   "nbconvert_exporter": "python",
   "pygments_lexer": "ipython3",
   "version": "3.5.2"
  }
 },
 "nbformat": 4,
 "nbformat_minor": 2
}
